61
TR40285_c0_g1_i1_C.cruz           0.0000000 0.0092971 0.0155888 0.0288957 0.0424282 0.0532811 0.0565997 0.0560126 0.0890478 0.0988895 0.1273095 0.0664922 0.2203439 0.1632789 0.3960272 1.1097213 1.2921672 1.1072590 1.2188395 1.0653895 0.9303081 1.0515714 0.9920216 0.8183895 1.0239825 1.0385832 1.0663638 1.3383579 1.0374080 1.0389815 0.8060925 1.0612188 0.6951142 1.1158487 0.9293867 1.0159462 1.0283769 1.2970947 1.2840223 1.3025981 1.3820845 1.0498417 1.4060896 1.1925410 1.3931556 1.1951016 0.9421107 1.0882338 0.6866678 1.1040188 1.1228148 1.1198723 1.1315008 0.8641471 1.1409940 1.1583366 1.1531008 1.1373834 1.1205526 1.1038360 1.1525135 
_R_TR47408_c0_g1_i1_C.sch         0.0092971 0.0000000 0.0156092 0.0302416 0.0430962 0.0566432 0.0594506 0.0581996 0.0914952 0.0995978 0.1273073 0.0680292 0.2191181 0.1629899 0.3975814 1.1117254 1.3022993 1.1094970 1.2146653 1.0688578 0.9398859 1.0600212 0.9936921 0.8183895 1.0235603 1.0336921 1.0636773 1.3088417 1.0369994 1.0413184 0.7949016 1.0463073 0.6966824 1.1195075 0.9453000 1.0189092 1.0321295 1.2890850 1.2758564 1.2980523 1.3708501 1.0363544 1.3790340 1.1889483 1.3472181 1.1779405 0.9421107 1.1030275 0.6943193 1.1006626 1.1197537 1.1164696 1.1268232 0.8765536 1.1362510 1.1493314 1.1467595 1.1285308 1.1122403 1.0990088 1.1469751 
_R_TR21736_c0_g1_i1_C.jul         0.0155888 0.0156092 0.0000000 0.0328950 0.0437342 0.0595205 0.0558548 0.0566755 0.0892639 0.1048035 0.1301005 0.0695685 0.2199750 0.1594237 0.4029105 1.1253345 1.3157661 1.1196523 1.2283233 1.0761898 0.9490417 1.0722450 0.9975122 0.8294575 1.0256769 1.0389347 1.0615331 1.3088001 1.0304407 1.0422767 0.8038050 1.0646633 0.7102928 1.1336773 0.9436320 1.0153126 1.0489485 1.3091629 1.2962466 1.3188485 1.3954404 1.0460988 1.4168842 1.2149388 1.3837734 1.1947752 0.9457578 1.1042559 0.6966031 1.0917832 1.1159635 1.1074466 1.1210641 0.8590711 1.1301652 1.1427017 1.1375904 1.1247282 1.1030737 1.0912021 1.1357964 
TRINITY_DN26095_c0_g2_i1_C.ara    0.0288957 0.0302416 0.0328950 0.0000000 0.0529437 0.0701186 0.0717778 0.0796983 0.0916915 0.1130346 0.1344030 1.1145784 1.8953447 0.7089414 0.3648170 0.5699059 0.2633002 0.6331859 0.2633002 0.9115534 0.9366279 0.8869520 0.6128490 0.7601367 0.9816314 1.0028763 1.0192247 9.0000000 0.9737822 0.9522585 0.6354117 0.9872920 0.6900078 1.1425168 0.9426933 0.8988663 0.9497174 1.0356918 1.0356918 1.0356918 1.0356918 1.0099541 9.0000000 1.0012780 9.0000000 0.4121625 1.0294122 0.9108688 0.6586161 0.9902202 1.0259820 1.0252525 1.0347350 0.8695743 1.0435366 1.0746720 1.0584140 1.0550793 1.0451395 1.0061634 1.0462019 
TR10312_c0_g1_i1_C.nat            0.0424282 0.0430962 0.0437342 0.0529437 0.0000000 0.0450427 0.0517562 0.0500318 0.0891926 0.0952911 0.1211935 0.0609470 0.2461840 0.1577479 0.3897525 1.1140396 1.3146264 1.1141054 1.2467721 1.0686730 0.8961700 1.0386560 0.9920135 0.8546029 1.0201344 1.0303285 1.0542449 1.2962038 1.0271888 1.0335731 0.8240202 1.0505992 0.7039487 1.1072681 0.9086686 0.9972219 1.0318065 1.2935429 1.2803888 1.2933786 1.4027419 1.0842014 1.4160625 1.2317795 1.3971340 1.1442274 0.9750747 1.0720038 0.7067794 1.0510449 1.0747666 1.0720174 1.0871180 0.8148033 1.0964011 1.1096253 1.0970013 1.0825149 1.0658653 1.0605102 1.1034199 
_R_TR666_c0_g1_i1_C.har           0.0532811 0.0566432 0.0595205 0.0701186 0.0450427 0.0000000 0.0466357 0.0469337 0.0911596 0.1024238 0.1234909 0.0679868 0.2505275 0.1695368 0.3834560 1.1501373 1.3413659 1.1456783 1.2549125 1.1085176 0.9559789 1.0841117 1.0372943 0.8846498 1.0162251 1.0264105 1.0501803 1.3576947 1.0245797 1.0275567 0.7987587 1.0655525 0.7032019 1.0909574 0.9606378 1.0221952 1.0689474 1.3501606 1.3211238 1.2842936 1.4417998 1.0769765 1.4865428 1.2199342 1.4176666 1.1936978 0.9557298 1.0854343 0.6637687 1.0804833 1.1003186 1.1018615 1.1193236 0.8283243 1.1168453 1.1347334 1.1257575 1.1018620 1.0777337 1.0777946 1.1163890 
_R_TR22503_c0_g1_i1_C.ele         0.0565997 0.0594506 0.0558548 0.0717778 0.0517562 0.0466357 0.0000000 0.0235984 0.0990307 0.1063280 0.1251242 0.0761524 0.2818891 0.1443365 0.3931431 1.0580027 1.1972979 1.0675504 1.1666624 1.0453386 0.9050461 1.0143722 0.9271173 0.8643146 1.0051740 1.0124850 1.0325084 1.2300678 1.0087876 1.0190244 0.7845875 1.0354741 0.6967018 1.1084630 0.9547008 0.9941133 1.0145849 1.2493504 1.2394291 1.1912645 1.3180382 1.0136064 1.3103417 1.1622098 1.2961956 1.0904018 0.9779369 1.0586051 0.6505748 1.0498219 1.0755804 1.0739026 1.0921944 0.7976966 1.0698438 1.0966907 1.0929369 1.0837001 1.0717710 1.0497183 1.0845132 
_R_TR12467_c0_g1_i1_C.aen         0.0560126 0.0581996 0.0566755 0.0796983 0.0500318 0.0469337 0.0235984 0.0000000 0.0934679 0.0993334 0.1200038 0.0673058 0.2762035 0.1458489 0.3740085 1.0727514 1.2211656 1.0768148 1.1714416 1.0157200 0.8662655 0.9975698 0.9574656 0.8649892 0.9742602 0.9712647 0.9946196 1.2582009 0.9630951 0.9814156 0.7853338 0.9936828 0.7060515 1.0425175 0.8685938 0.9493186 0.9923880 1.2522053 1.2423290 1.2271592 1.3545769 1.0312942 1.3487476 1.1879466 1.3569715 1.1139072 0.9682787 1.0394378 0.6722895 1.0342129 1.0589147 1.0587827 1.0813373 0.7945440 1.0574620 1.0801545 1.0840638 1.0827590 1.0592510 1.0474598 1.0894792 
_R_TRINITY_DN47896_c0_g1_i1_C.has 0.0890478 0.0914952 0.0892639 0.0916915 0.0891926 0.0911596 0.0990307 0.0934679 0.0000000 0.0916689 0.0983620 9.0000000 9.0000000 9.0000000 0.3801244 9.0000000 9.0000000 9.0000000 9.0000000 1.1546506 1.1651692 1.1242074 0.7372594 9.0000000 1.1157333 1.1639756 1.2045492 9.0000000 1.2083695 1.1707214 1.1548949 1.1872072 0.7669888 1.1297270 1.1446041 1.1442397 1.2141883 9.0000000 9.0000000 9.0000000 9.0000000 9.0000000 9.0000000 9.0000000 9.0000000 9.0000000 1.6211263 1.1265853 0.7131103 1.0522357 1.0814606 1.0696186 1.1109920 1.0479655 1.0992060 1.1611779 1.1426050 1.1185114 1.1353044 1.1422987 1.1381055 
_R_TR29470_c0_g1_i1_S.pri         0.0988895 0.0995978 0.1048035 0.1130346 0.0952911 0.1024238 0.1063280 0.0993334 0.0916689 0.0000000 0.1043341 0.0820251 0.3241576 0.1688473 0.3737285 1.1815901 1.3622678 1.1874719 1.2785325 1.1246045 0.9733881 1.1174395 1.0310266 0.8676365 1.0222975 1.0295602 1.0561803 1.2945750 1.0454301 1.0446381 0.7950555 1.0884465 0.7224680 1.1633766 0.9629602 1.0084255 1.0599967 1.3192967 1.2487411 1.3117058 1.4417355 1.0568832 1.4164607 1.2349524 1.3488036 1.2070160 0.9359610 1.1251013 0.6662449 1.0985685 1.1361960 1.1367163 1.1134402 0.8205016 1.1334835 1.1548838 1.1528430 1.1304281 1.0968699 1.1176371 1.1811639 
TR34009_c0_g2_i1_A.fus            0.1273095 0.1273073 0.1301005 0.1344030 0.1211935 0.1234909 0.1251242 0.1200038 0.0983620 0.1043341 0.0000000 0.1143657 0.3818900 0.1621210 0.3713580 1.1263668 1.3034462 1.1227430 1.2047818 1.0967162 0.9623049 1.0821452 1.0087969 0.8745559 0.9928132 0.9999333 1.0203891 1.3290105 1.0188867 1.0235173 0.7672442 1.0601388 0.6814573 1.0499740 0.9586392 1.0068078 1.0580667 1.4410944 1.3658021 1.3570801 1.4824456 1.0791401 1.4733621 1.2652194 1.4071835 1.1583396 0.8875196 1.1003366 0.6507282 1.0828061 1.1085554 1.1035358 1.0899447 0.8223522 1.1272838 1.1424915 1.1345095 1.1024046 1.0870207 1.0864065 1.1510121 
TRINITY_DN20925_c0_g2_i1_C.has    0.0664922 0.0680292 0.0695685 1.1145784 0.0609470 0.0679868 0.0761524 0.0673058 9.0000000 0.0820251 0.1143657 0.0000000 0.0705166 0.1322032 0.4286041 1.3336727 1.3724245 1.3203074 1.2791241 1.3603103 9.0000000 1.3484088 1.3573472 0.9670640 1.1437183 1.1478879 1.1718458 1.3553637 1.2028696 1.2284906 0.9608759 1.2611884 9.0000000 9.0000000 9.0000000 1.2005105 1.2889819 1.3599496 1.3208221 1.2769479 1.4476075 1.1811823 1.4823715 1.2978439 1.4811374 1.1722880 0.9399456 1.4783471 9.0000000 1.3135055 1.3226909 1.3136903 1.3074523 9.0000000 1.3188089 1.2998939 1.2954695 1.3124864 1.2606856 1.2722709 1.3519654 
TRINITY_DN20951_c0_g1_i1_C.ara    0.2203439 0.2191181 0.2199750 1.8953447 0.2461840 0.2505275 0.2818891 0.2762035 9.0000000 0.3241576 0.3818900 0.0705166 0.0000000 0.2435176 0.7288229 1.7493271 1.5219671 1.7302366 1.4509528 1.8757804 2.9554734 1.8037529 1.8768990 1.9345452 1.5346396 1.5339632 1.5759141 1.3156542 1.6068151 1.6928998 1.8178069 1.6502796 4.9301962 8.9999989 3.3558914 1.6734996 1.7093821 1.3147279 1.3018785 1.3175249 1.3858199 1.4744703 1.4239101 1.1900986 1.3905048 1.2026822 2.1938542 1.8261243 2.7472016 1.6518544 1.6676690 1.6572816 1.7180770 3.9187521 1.7013643 1.6736899 1.7275438 1.5863432 1.5868580 1.6033713 1.6448761 
_R_TRINITY_DN12717_c0_g1_i1_C.mac 0.1632789 0.1629899 0.1594237 0.7089414 0.1577479 0.1695368 0.1443365 0.1458489 9.0000000 0.1688473 0.1621210 0.1322032 0.2435176 0.0000000 0.4746972 1.2954268 1.3274125 1.2570333 1.3008884 1.3637552 9.0000000 1.2949601 1.2763661 1.0142135 1.1493759 1.1441824 1.1730593 1.3222518 1.1995917 1.2952768 1.0807760 1.2886900 9.0000000 9.0000000 9.0000000 1.2223323 1.2884486 1.4669935 1.4028237 1.3802916 1.3989528 1.1853769 1.4816970 1.3048116 1.4164245 1.2240625 1.0361772 1.3986053 0.9153283 1.2701603 1.2781363 1.2908947 1.3239155 2.7336974 1.3087042 1.3045125 1.3114694 1.2594308 1.2739493 1.2754446 1.3760224 
ENSIPUT00000021811.1_mmp13b-201   0.3960272 0.3975814 0.4029105 0.3648170 0.3897525 0.3834560 0.3931431 0.3740085 0.3801244 0.3737285 0.3713580 0.4286041 0.7288229 0.4746972 0.0000000 1.2514249 1.4673362 1.2386610 1.3133820 1.1801018 1.1419349 1.2326886 1.1575728 0.9276622 1.0693949 1.0751417 1.0873751 1.4855127 1.0918744 1.1175606 0.7778722 1.0884074 0.7412490 1.1769194 1.1111402 1.1056637 1.1402714 1.3764699 1.4391309 1.4482501 1.5797707 1.1638035 1.5699143 1.2944949 1.5935604 1.5765694 0.9180069 1.1122881 0.7121204 1.1356402 1.1010158 1.1154707 1.1874823 0.9140138 1.1331233 1.1469571 1.1767591 1.1236061 1.1215982 1.1625092 1.2092813 
_R_TR29830_c0_g2_i1_C.cruz        1.1097213 1.1117254 1.1253345 0.5699059 1.1140396 1.1501373 1.0580027 1.0727514 9.0000000 1.1815901 1.1263668 1.3336727 1.7493271 1.2954268 1.2514249 0.0000000 0.0596061 0.0659602 0.0474271 0.0916874 0.0314608 0.0340302 0.0719148 0.1340742 0.6514975 0.6664053 0.6660234 0.8777153 0.6673309 0.6466846 0.5272959 0.7529972 0.4075537 9.0000000 0.1075536 0.6760920 0.5505060 0.9442869 0.9043588 0.7129446 1.1266054 0.6852563 1.0675439 0.8505063 0.8945227 0.2053076 0.4859681 0.7185314 0.5483643 1.3957406 1.3944958 1.3992408 1.4184141 0.7495508 1.4206564 1.3948927 1.3951036 1.3334227 1.2304091 1.4160340 1.3932411 
TR21246_c0_g1_i1_C.nat            1.2921672 1.3022993 1.3157661 0.2633002 1.3146264 1.3413659 1.1972979 1.2211656 9.0000000 1.3622678 1.3034462 1.3724245 1.5219671 1.3274125 1.4673362 0.0596061 0.0000000 0.0337957 0.0457850 0.0805754 9.0000000 0.0485923 0.0970817 0.1167971 0.7297268 0.7606527 0.7527476 0.9107202 0.7571500 0.7323035 0.5651228 0.8472710 9.0000000 9.0000000 9.0000000 0.7606449 0.7390221 0.9996392 0.9829693 0.7274227 1.1764358 0.8282549 1.1229129 0.8764034 0.9021288 0.2290559 0.5134333 0.7432752 0.4953516 1.5667589 1.5717846 1.5812096 1.6573161 9.0000000 1.6400557 1.6567977 1.6349687 1.5547657 1.3970226 1.6735735 1.6400473 
TR36163_c2_g1_i1_C.pal            1.1072590 1.1094970 1.1196523 0.6331859 1.1141054 1.1456783 1.0675504 1.0768148 9.0000000 1.1874719 1.1227430 1.3203074 1.7302366 1.2570333 1.2386610 0.0659602 0.0337957 0.0000000 0.0477611 0.0888284 0.0515425 0.0581465 0.0948546 0.1294079 0.6555485 0.6786718 0.6765462 0.8601180 0.6709054 0.6471551 0.5405659 0.7388890 0.3981371 9.0000000 0.0348307 0.6742040 0.5363323 0.9463870 0.9436379 0.7071024 1.1222976 0.6783546 0.9986025 0.8367558 0.8289693 0.2100138 0.5087075 0.6626067 0.6089448 1.3464826 1.3450651 1.3482262 1.4045759 0.7320402 1.3630248 1.3727556 1.3450921 1.2994106 1.2470532 1.3824811 1.3644140 
TR40339_c0_g1_i1_C.ele            1.2188395 1.2146653 1.2283233 0.2633002 1.2467721 1.2549125 1.1666624 1.1714416 9.0000000 1.2785325 1.2047818 1.2791241 1.4509528 1.3008884 1.3133820 0.0474271 0.0457850 0.0477611 0.0000000 0.0327063 9.0000000 0.0426487 0.0650314 0.1151443 0.6824760 0.6864656 0.6894640 0.8862700 0.6833124 0.7402108 0.5570029 0.7491155 9.0000000 9.0000000 9.0000000 0.6674653 0.6396027 0.8844470 0.8924287 0.6956338 0.9819896 0.7181117 0.9527769 0.7666459 0.8060066 0.1969315 0.5212628 0.6634589 0.6015618 1.4478739 1.4399200 1.4495065 1.4690510 9.0000000 1.4500873 1.5373113 1.5190028 1.4354838 1.3328912 1.5244467 1.4899712 
TR40857_c0_g1_i1_C.aen            1.0653895 1.0688578 1.0761898 0.9115534 1.0686730 1.1085176 1.0453386 1.0157200 1.1546506 1.1246045 1.0967162 1.3603103 1.8757804 1.3637552 1.1801018 0.0916874 0.0805754 0.0888284 0.0327063 0.0000000 0.0816158 0.0817492 0.1082158 0.1464577 0.6399790 0.6445497 0.6574150 0.9268626 0.6393167 0.6477980 0.5057412 0.6709343 0.4043305 0.6253838 0.0821347 0.3556619 0.3156506 0.9955514 0.9793388 0.7077889 1.0730838 0.6437879 1.0866889 0.8457969 0.8924078 0.2143431 0.6361950 0.6622981 0.4721548 1.2946160 1.2973646 1.2988154 1.3264006 0.7739787 1.3152390 1.3245837 1.3125160 1.3259208 1.2326600 1.2588540 1.3408949 
_R_TR4325_c0_g1_i1_C.cruz         0.9303081 0.9398859 0.9490417 0.9366279 0.8961700 0.9559789 0.9050461 0.8662655 1.1651692 0.9733881 0.9623049 9.0000000 2.9554734 9.0000000 1.1419349 0.0314608 9.0000000 0.0515425 9.0000000 0.0816158 0.0000000 0.0125332 0.0821961 9.0000000 0.5618312 0.5527841 0.5777728 9.0000000 0.5322556 0.5366701 0.3994491 0.5739890 0.4065253 0.6369336 0.1076925 0.1400421 0.1280769 9.0000000 9.0000000 9.0000000 9.0000000 0.5925000 9.0000000 9.0000000 9.0000000 9.0000000 0.9143905 0.6038280 0.4154723 1.1423200 1.1504714 1.1471656 1.1833118 0.7706437 1.1914699 1.1599429 1.1732857 1.1728736 1.1218055 1.0784168 1.2068345 
TR14902_c2_g1_i1_C.sch            1.0515714 1.0600212 1.0722450 0.8869520 1.0386560 1.0841117 1.0143722 0.9975698 1.1242074 1.1174395 1.0821452 1.3484088 1.8037529 1.2949601 1.2326886 0.0340302 0.0485923 0.0581465 0.0426487 0.0817492 0.0125332 0.0000000 0.0751225 0.1316012 0.6196174 0.6271086 0.6394358 0.8734908 0.6262913 0.6141707 0.5052251 0.6983850 0.4240665 0.6300117 0.0968634 0.3537815 0.3276627 0.9245592 0.9143355 0.7130721 1.1080166 0.6887982 1.0464126 0.8249083 0.8679920 0.2138274 0.6143781 0.6697135 0.4641362 1.3142749 1.3035669 1.3082889 1.3457408 0.8235807 1.3525981 1.3300104 1.3385007 1.3082398 1.2186720 1.3054334 1.3597555 
_R_TR36505_c0_g2_i2_C.jul         0.9920216 0.9936921 0.9975122 0.6128490 0.9920135 1.0372943 0.9271173 0.9574656 0.7372594 1.0310266 1.0087969 1.3573472 1.8768990 1.2763661 1.1575728 0.0719148 0.0970817 0.0948546 0.0650314 0.1082158 0.0821961 0.0751225 0.0000000 0.1261662 0.5360302 0.5519773 0.5587191 0.8428285 0.5405524 0.5395531 0.4905666 0.5941077 0.2823112 0.2947963 0.1016118 0.5121377 0.4034665 0.9096025 0.8797317 0.7038636 1.1267469 0.6646550 0.9956843 0.8485813 0.8781509 0.1608428 0.6038414 0.5941697 0.4528425 1.2420777 1.2394132 1.2466945 1.2847523 0.7734366 1.2799266 1.2661854 1.2490700 1.2505925 1.1295026 1.2543750 1.2965910 
TR33695_c0_g1_i1_A.fus            0.8183895 0.8183895 0.8294575 0.7601367 0.8546029 0.8846498 0.8643146 0.8649892 9.0000000 0.8676365 0.8745559 0.9670640 1.9345452 1.0142135 0.9276622 0.1340742 0.1167971 0.1294079 0.1151443 0.1464577 9.0000000 0.1316012 0.1261662 0.0000000 0.5354829 0.5195104 0.5252629 9.0000000 0.4972969 0.5358066 0.5478520 0.5472449 1.4014107 9.0000000 9.0000000 0.5356730 0.3249648 0.3581347 0.3581347 9.0000000 2.1685569 0.3829614 9.0000000 0.6330764 9.0000000 0.0526369 0.5250245 0.4975099 0.5900714 1.1933615 1.2316176 1.2145150 1.1622085 1.3659604 1.1399590 1.2223284 1.1885369 1.0796255 1.1325976 1.0844015 1.1022240 
_R_TR29830_c0_g1_i1_C.cruz        1.0239825 1.0235603 1.0256769 0.9816314 1.0201344 1.0162251 1.0051740 0.9742602 1.1157333 1.0222975 0.9928132 1.1437183 1.5346396 1.1493759 1.0693949 0.6514975 0.7297268 0.6555485 0.6824760 0.6399790 0.5618312 0.6196174 0.5360302 0.5354829 0.0000000 0.0382272 0.0361513 0.0287066 0.0811341 0.1051957 0.1404807 0.1524800 0.1014227 0.1451469 0.5933518 0.2425802 0.3535188 0.2753615 0.2829996 0.2317206 0.3574550 0.3268319 0.3076105 0.1492043 0.1508849 0.6249647 0.2499402 0.4584976 0.4032898 1.1293696 1.1366618 1.1434160 1.1644028 0.6650880 1.1705580 1.1538851 1.1747462 1.1006205 1.0967594 1.1073175 1.1614631 
_R_TR36505_c0_g1_i3_C.jul         1.0385832 1.0336921 1.0389347 1.0028763 1.0303285 1.0264105 1.0124850 0.9712647 1.1639756 1.0295602 0.9999333 1.1478879 1.5339632 1.1441824 1.0751417 0.6664053 0.7606527 0.6786718 0.6864656 0.6445497 0.5527841 0.6271086 0.5519773 0.5195104 0.0382272 0.0000000 0.0178329 0.0231264 0.0603042 0.0956071 0.1424402 0.1543346 0.0891507 0.1258886 0.5816836 0.2246510 0.3389105 0.2681199 0.2718650 0.2309599 0.3228718 0.3054185 0.2910207 0.1185803 0.1194569 0.6266302 0.2506645 0.4743663 0.4019491 1.1062980 1.1131374 1.1197772 1.1418719 0.6579212 1.1479928 1.1351886 1.1488668 1.0870661 1.0784523 1.0763621 1.1237464 
TR14902_c2_g2_i5_C.sch            1.0663638 1.0636773 1.0615331 1.0192247 1.0542449 1.0501803 1.0325084 0.9946196 1.2045492 1.0561803 1.0203891 1.1718458 1.5759141 1.1730593 1.0873751 0.6660234 0.7527476 0.6765462 0.6894640 0.6574150 0.5777728 0.6394358 0.5587191 0.5252629 0.0361513 0.0178329 0.0000000 0.0090825 0.0594714 0.0978830 0.1383527 0.1531766 0.1062416 0.1280934 0.6081922 0.2274979 0.3428302 0.2709943 0.2748383 0.2351261 0.3261169 0.3071959 0.2909125 0.1224018 0.1220980 0.6366573 0.2439193 0.4690162 0.4029737 1.1227125 1.1301944 1.1364883 1.1593667 0.6599846 1.1651685 1.1467657 1.1633541 1.1122284 1.1031437 1.0899114 1.1400478 
_R_TRINITY_DN24307_c0_g1_i1_C.ara 1.3383579 1.3088417 1.3088001 9.0000000 1.2962038 1.3576947 1.2300678 1.2582009 9.0000000 1.2945750 1.3290105 1.3553637 1.3156542 1.3222518 1.4855127 0.8777153 0.9107202 0.8601180 0.8862700 0.9268626 9.0000000 0.8734908 0.8428285 9.0000000 0.0287066 0.0231264 0.0090825 0.0000000 0.0607181 0.1785898 0.2680547 0.2857884 9.0000000 9.0000000 9.0000000 0.0809545 0.1466095 0.2932035 0.2951539 0.2470566 0.3021399 0.3287301 0.2908356 0.1246438 0.1214343 0.7170941 9.0000000 0.6902530 9.0000000 1.4073877 1.4096158 1.4096158 1.4700024 9.0000000 1.4546497 1.4210106 1.4755550 1.4220868 1.4104563 1.3522468 1.5173464 
TR10015_c0_g1_i1_C.nat            1.0374080 1.0369994 1.0304407 0.9737822 1.0271888 1.0245797 1.0087876 0.9630951 1.2083695 1.0454301 1.0188867 1.2028696 1.6068151 1.1995917 1.0918744 0.6673309 0.7571500 0.6709054 0.6833124 0.6393167 0.5322556 0.6262913 0.5405524 0.4972969 0.0811341 0.0603042 0.0594714 0.0607181 0.0000000 0.0581820 0.1305557 0.1537501 0.0839679 0.1020558 0.5612969 0.2267824 0.3325731 0.2654765 0.2654744 0.2319040 0.3333485 0.3127736 0.2979330 0.1198675 0.1302755 0.6752131 0.2540945 0.4460339 0.3897865 1.1398078 1.1568503 1.1564913 1.1938469 0.6420160 1.1828885 1.1676754 1.1834332 1.1448732 1.1091270 1.1185813 1.1725610 
_R_TR36163_c3_g1_i2_C.pal         1.0389815 1.0413184 1.0422767 0.9522585 1.0335731 1.0275567 1.0190244 0.9814156 1.1707214 1.0446381 1.0235173 1.2284906 1.6928998 1.2952768 1.1175606 0.6466846 0.7323035 0.6471551 0.7402108 0.6477980 0.5366701 0.6141707 0.5395531 0.5358066 0.1051957 0.0956071 0.0978830 0.1785898 0.0581820 0.0000000 0.1307958 0.1675734 0.0812620 0.1209225 0.5645752 0.2714766 0.3793456 0.3283298 0.3328642 0.2220233 0.4172730 0.3763513 0.3840349 0.2100930 0.2665540 0.7841054 0.2516246 0.4537680 0.3960576 1.1999517 1.2227643 1.2199379 1.2432090 0.6668228 1.2442421 1.2340049 1.2562642 1.1989314 1.1799767 1.2054936 1.2411678 
_R_TRINITY_DN19920_c0_g2_i1_C.ara 0.8060925 0.7949016 0.8038050 0.6354117 0.8240202 0.7987587 0.7845875 0.7853338 1.1548949 0.7950555 0.7672442 0.9608759 1.8178069 1.0807760 0.7778722 0.5272959 0.5651228 0.5405659 0.5570029 0.5057412 0.3994491 0.5052251 0.4905666 0.5478520 0.1404807 0.1424402 0.1383527 0.2680547 0.1305557 0.1307958 0.0000000 0.0678458 0.0668848 0.2277364 0.4080774 0.1278814 0.3079829 0.1020246 0.0956700 0.1102743 0.1895458 0.1620362 0.0822925 0.1163235 0.1597005 0.6262419 0.1846788 0.3460491 0.4164602 0.9126118 0.9302498 0.9326928 0.9331438 0.6600591 0.9203572 0.9469118 0.9541726 0.8891023 0.9080871 0.9380585 0.9097512 
TR49771_c1_g2_i6_C.ele            1.0612188 1.0463073 1.0646633 0.9872920 1.0505992 1.0655525 1.0354741 0.9936828 1.1872072 1.0884465 1.0601388 1.2611884 1.6502796 1.2886900 1.0884074 0.7529972 0.8472710 0.7388890 0.7491155 0.6709343 0.5739890 0.6983850 0.5941077 0.5472449 0.1524800 0.1543346 0.1531766 0.2857884 0.1537501 0.1675734 0.0678458 0.0000000 0.0376089 0.1058922 0.5999971 0.2915971 0.3986006 0.0742075 0.0836630 0.0601737 0.1561669 0.2086234 0.0987041 0.2544760 0.3002318 0.7203933 0.2018151 0.4945770 0.4216773 1.2266672 1.2177719 1.2187636 1.2573782 0.7015075 1.2716361 1.2390737 1.2746541 1.1890731 1.1594768 1.2317128 1.2372454 
TR23229_c0_g1_i1_C.aen            0.6951142 0.6966824 0.7102928 0.6900078 0.7039487 0.7032019 0.6967018 0.7060515 0.7669888 0.7224680 0.6814573 9.0000000 4.9301962 9.0000000 0.7412490 0.4075537 9.0000000 0.3981371 9.0000000 0.4043305 0.4065253 0.4240665 0.2823112 1.4014107 0.1014227 0.0891507 0.1062416 9.0000000 0.0839679 0.0812620 0.0668848 0.0376089 0.0000000 0.1243932 0.4051022 0.2552571 0.3953785 9.0000000 9.0000000 9.0000000 9.0000000 0.7603078 9.0000000 9.0000000 9.0000000 9.0000000 0.3884332 0.2734517 0.3863458 0.8109192 0.8237756 0.8268251 0.8112353 0.6768155 0.8127796 0.8403353 0.8311033 0.8058946 0.8288388 0.7857109 0.7948100 
TRINITY_DN17295_c0_g1_i1_C.mac    1.1158487 1.1195075 1.1336773 1.1425168 1.1072681 1.0909574 1.1084630 1.0425175 1.1297270 1.1633766 1.0499740 9.0000000 8.9999989 9.0000000 1.1769194 9.0000000 9.0000000 9.0000000 9.0000000 0.6253838 0.6369336 0.6300117 0.2947963 9.0000000 0.1451469 0.1258886 0.1280934 9.0000000 0.1020558 0.1209225 0.2277364 0.1058922 0.1243932 0.0000000 0.6453593 0.5843369 0.6070495 9.0000000 9.0000000 9.0000000 9.0000000 9.0000000 9.0000000 9.0000000 9.0000000 9.0000000 3.3223645 0.3616380 0.4137113 1.2363514 1.2455273 1.2338300 1.3281543 1.0045042 1.3436776 1.3197727 1.3203619 1.2874695 1.2653096 1.1915510 1.2992622 
TR4507_c0_g1_i1_C.nat             0.9293867 0.9453000 0.9436320 0.9426933 0.9086686 0.9606378 0.9547008 0.8685938 1.1446041 0.9629602 0.9586392 9.0000000 3.3558914 9.0000000 1.1111402 0.1075536 9.0000000 0.0348307 9.0000000 0.0821347 0.1076925 0.0968634 0.1016118 9.0000000 0.5933518 0.5816836 0.6081922 9.0000000 0.5612969 0.5645752 0.4080774 0.5999971 0.4051022 0.6453593 0.0000000 0.1222427 0.1372297 9.0000000 9.0000000 9.0000000 9.0000000 1.8597505 9.0000000 9.0000000 9.0000000 9.0000000 0.9423581 0.6225172 0.4198219 1.0946809 1.0978859 1.0977103 1.1280664 0.7620732 1.1504853 1.1061853 1.1193870 1.1281905 1.0983078 1.0505490 1.1556592 
_R_TR16049_c0_g1_i9_C.har         1.0159462 1.0189092 1.0153126 0.8988663 0.9972219 1.0221952 0.9941133 0.9493186 1.1442397 1.0084255 1.0068078 1.2005105 1.6734996 1.2223323 1.1056637 0.6760920 0.7606449 0.6742040 0.6674653 0.3556619 0.1400421 0.3537815 0.5121377 0.5356730 0.2425802 0.2246510 0.2274979 0.0809545 0.2267824 0.2714766 0.1278814 0.2915971 0.2552571 0.5843369 0.1222427 0.0000000 0.1949024 0.2627295 0.2662564 0.2229140 0.3365947 0.2902498 0.3127424 0.1327784 0.1390979 0.6348213 0.2001488 0.5373175 0.4080261 1.1947676 1.1960361 1.1988096 1.2314088 0.7012659 1.2283757 1.1874439 1.2108151 1.2284514 1.1861480 1.1589920 1.2456942 
TR19069_c0_g2_i5_S.pri            1.0283769 1.0321295 1.0489485 0.9497174 1.0318065 1.0689474 1.0145849 0.9923880 1.2141883 1.0599967 1.0580667 1.2889819 1.7093821 1.2884486 1.1402714 0.5505060 0.7390221 0.5363323 0.6396027 0.3156506 0.1280769 0.3276627 0.4034665 0.3249648 0.3535188 0.3389105 0.3428302 0.1466095 0.3325731 0.3793456 0.3079829 0.3986006 0.3953785 0.6070495 0.1372297 0.1949024 0.0000000 0.2409451 0.2250240 0.2035971 0.3095698 0.2199194 0.2884204 0.1555371 0.1668795 0.6726756 0.4458894 0.6030136 0.4819171 1.2404377 1.2595573 1.2517443 1.2679995 0.7904803 1.2772204 1.2378460 1.2519645 1.2710773 1.2155796 1.2153458 1.2780146 
TR37637_c0_g1_i1_C.nat            1.2970947 1.2890850 1.3091629 1.0356918 1.2935429 1.3501606 1.2493504 1.2522053 9.0000000 1.3192967 1.4410944 1.3599496 1.3147279 1.4669935 1.3764699 0.9442869 0.9996392 0.9463870 0.8844470 0.9955514 9.0000000 0.9245592 0.9096025 0.3581347 0.2753615 0.2681199 0.2709943 0.2932035 0.2654765 0.3283298 0.1020246 0.0742075 9.0000000 9.0000000 9.0000000 0.2627295 0.2409451 0.0000000 0.0212696 0.0536866 0.1081471 0.1327426 0.0623858 0.2524989 0.2869670 0.7395199 0.1683648 0.6354538 9.0000000 1.5862466 1.5934753 1.5787546 1.6253852 9.0000000 1.6029157 1.5216101 1.5423448 1.5845773 1.4080402 1.5462671 1.5876012 
_R_TR24642_c0_g1_i1_C.pal         1.2840223 1.2758564 1.2962466 1.0356918 1.2803888 1.3211238 1.2394291 1.2423290 9.0000000 1.2487411 1.3658021 1.3208221 1.3018785 1.4028237 1.4391309 0.9043588 0.9829693 0.9436379 0.8924287 0.9793388 9.0000000 0.9143355 0.8797317 0.3581347 0.2829996 0.2718650 0.2748383 0.2951539 0.2654744 0.3328642 0.0956700 0.0836630 9.0000000 9.0000000 9.0000000 0.2662564 0.2250240 0.0212696 0.0000000 0.0600862 0.1190533 0.1472825 0.0617126 0.2486267 0.2751660 0.7319281 0.1683648 0.6463311 9.0000000 1.6190360 1.6268197 1.6112884 1.6545948 9.0000000 1.6174012 1.5636643 1.5874897 1.6172768 1.3887277 1.5783334 1.5562019 
TR32060_c0_g1_i1_A.fus            1.3025981 1.2980523 1.3188485 1.0356918 1.2933786 1.2842936 1.1912645 1.2271592 9.0000000 1.3117058 1.3570801 1.2769479 1.3175249 1.3802916 1.4482501 0.7129446 0.7274227 0.7071024 0.6956338 0.7077889 9.0000000 0.7130721 0.7038636 9.0000000 0.2317206 0.2309599 0.2351261 0.2470566 0.2319040 0.2220233 0.1102743 0.0601737 9.0000000 9.0000000 9.0000000 0.2229140 0.2035971 0.0536866 0.0600862 0.0000000 0.0769797 0.0958976 0.0706926 0.2042430 0.2146121 0.7401169 0.3959091 0.4431295 9.0000000 1.2951867 1.2951867 1.2784950 1.2666332 9.0000000 1.2588767 1.2192534 1.2497702 1.2932613 1.1366099 1.2762832 1.3019624 
TRINITY_DN25586_c0_g1_i1_C.has    1.3820845 1.3708501 1.3954404 1.0356918 1.4027419 1.4417998 1.3180382 1.3545769 9.0000000 1.4417355 1.4824456 1.4476075 1.3858199 1.3989528 1.5797707 1.1266054 1.1764358 1.1222976 0.9819896 1.0730838 9.0000000 1.1080166 1.1267469 2.1685569 0.3574550 0.3228718 0.3261169 0.3021399 0.3333485 0.4172730 0.1895458 0.1561669 9.0000000 9.0000000 9.0000000 0.3365947 0.3095698 0.1081471 0.1190533 0.0769797 0.0000000 0.1736835 0.0964316 0.3267551 0.3035618 0.8011853 1.0181985 0.7531197 9.0000000 1.7473711 1.7566407 1.7394194 1.7362902 9.0000000 1.7414653 1.6880985 1.6970193 1.7454277 1.4760010 1.7741855 1.7993594 
_R_TRINITY_DN22486_c0_g2_i1_C.mac 1.0498417 1.0363544 1.0460988 1.0099541 1.0842014 1.0769765 1.0136064 1.0312942 9.0000000 1.0568832 1.0791401 1.1811823 1.4744703 1.1853769 1.1638035 0.6852563 0.8282549 0.6783546 0.7181117 0.6437879 0.5925000 0.6887982 0.6646550 0.3829614 0.3268319 0.3054185 0.3071959 0.3287301 0.3127736 0.3763513 0.1620362 0.2086234 0.7603078 9.0000000 1.8597505 0.2902498 0.2199194 0.1327426 0.1472825 0.0958976 0.1736835 0.0000000 0.1724657 0.2397699 0.3096873 0.7683514 0.2992943 0.6110308 0.6661155 1.3975294 1.4073024 1.3959113 1.4200987 1.0471770 1.4323253 1.3761293 1.3862185 1.3668859 1.3123595 1.3484115 1.3471244 
_R_TR14902_c1_g1_i1_C.sch         1.4060896 1.3790340 1.4168842 9.0000000 1.4160625 1.4865428 1.3103417 1.3487476 9.0000000 1.4164607 1.4733621 1.4823715 1.4239101 1.4816970 1.5699143 1.0675439 1.1229129 0.9986025 0.9527769 1.0866889 9.0000000 1.0464126 0.9956843 9.0000000 0.3076105 0.2910207 0.2909125 0.2908356 0.2979330 0.3840349 0.0822925 0.0987041 9.0000000 9.0000000 9.0000000 0.3127424 0.2884204 0.0623858 0.0617126 0.0706926 0.0964316 0.1724657 0.0000000 0.2930962 0.2878828 0.7318251 9.0000000 0.7344407 9.0000000 1.6250113 1.6438748 1.6267976 1.6805254 9.0000000 1.6518338 1.5613948 1.5852454 1.6230983 1.4997575 1.6376556 1.5980256 
TR2900_c0_g1_i1_A.fus             1.1925410 1.1889483 1.2149388 1.0012780 1.2317795 1.2199342 1.1622098 1.1879466 9.0000000 1.2349524 1.2652194 1.2978439 1.1900986 1.3048116 1.2944949 0.8505063 0.8764034 0.8367558 0.7666459 0.8457969 9.0000000 0.8249083 0.8485813 0.6330764 0.1492043 0.1185803 0.1224018 0.1246438 0.1198675 0.2100930 0.1163235 0.2544760 9.0000000 9.0000000 9.0000000 0.1327784 0.1555371 0.2524989 0.2486267 0.2042430 0.3267551 0.2397699 0.2930962 0.0000000 0.0559017 0.6629683 0.1529919 0.6391736 9.0000000 1.5226793 1.5262166 1.5249662 1.6405902 9.0000000 1.6855770 1.5442942 1.5616778 1.5310906 1.4150003 1.5636153 1.5624599 
TR23229_c0_g2_i1_C.aen            1.3931556 1.3472181 1.3837734 9.0000000 1.3971340 1.4176666 1.2961956 1.3569715 9.0000000 1.3488036 1.4071835 1.4811374 1.3905048 1.4164245 1.5935604 0.8945227 0.9021288 0.8289693 0.8060066 0.8924078 9.0000000 0.8679920 0.8781509 9.0000000 0.1508849 0.1194569 0.1220980 0.1214343 0.1302755 0.2665540 0.1597005 0.3002318 9.0000000 9.0000000 9.0000000 0.1390979 0.1668795 0.2869670 0.2751660 0.2146121 0.3035618 0.3096873 0.2878828 0.0559017 0.0000000 0.6852398 9.0000000 0.7432022 9.0000000 1.4802623 1.4505832 1.4505832 1.5960683 9.0000000 1.5425726 1.4701945 1.4940984 1.4785772 1.4179349 1.4571409 1.4858556 
_R_TRINITY_DN56213_c0_g1_i1_C.mac 1.1951016 1.1779405 1.1947752 0.4121625 1.1442274 1.1936978 1.0904018 1.1139072 9.0000000 1.2070160 1.1583396 1.1722880 1.2026822 1.2240625 1.5765694 0.2053076 0.2290559 0.2100138 0.1969315 0.2143431 9.0000000 0.2138274 0.1608428 0.0526369 0.6249647 0.6266302 0.6366573 0.7170941 0.6752131 0.7841054 0.6262419 0.7203933 9.0000000 9.0000000 9.0000000 0.6348213 0.6726756 0.7395199 0.7319281 0.7401169 0.8011853 0.7683514 0.7318251 0.6629683 0.6852398 0.0000000 0.6187799 0.6423164 9.0000000 1.5454822 1.5304696 1.5313130 1.5569845 9.0000000 1.5976410 1.5774295 1.5903467 1.5438661 1.5006818 1.6099687 1.5884134 
TRINITY_DN21824_c0_g1_i1_C.has    0.9421107 0.9421107 0.9457578 1.0294122 0.9750747 0.9557298 0.9779369 0.9682787 1.6211263 0.9359610 0.8875196 0.9399456 2.1938542 1.0361772 0.9180069 0.4859681 0.5134333 0.5087075 0.5212628 0.6361950 0.9143905 0.6143781 0.6038414 0.5250245 0.2499402 0.2506645 0.2439193 9.0000000 0.2540945 0.2516246 0.1846788 0.2018151 0.3884332 3.3223645 0.9423581 0.2001488 0.4458894 0.1683648 0.1683648 0.3959091 1.0181985 0.2992943 9.0000000 0.1529919 9.0000000 0.6187799 0.0000000 0.4183717 0.6255631 1.0840019 1.0891006 1.0941949 1.0746172 0.9648708 1.1169122 1.0807335 1.0958772 1.0429842 1.0803697 1.0845280 1.0468064 
ENSIPUT00000032163.1_mmp13a-204   1.0882338 1.1030275 1.1042559 0.9108688 1.0720038 1.0854343 1.0586051 1.0394378 1.1265853 1.1251013 1.1003366 1.4783471 1.8261243 1.3986053 1.1122881 0.7185314 0.7432752 0.6626067 0.6634589 0.6622981 0.6038280 0.6697135 0.5941697 0.4975099 0.4584976 0.4743663 0.4690162 0.6902530 0.4460339 0.4537680 0.3460491 0.4945770 0.2734517 0.3616380 0.6225172 0.5373175 0.6030136 0.6354538 0.6463311 0.4431295 0.7531197 0.6110308 0.7344407 0.6391736 0.7432022 0.6423164 0.4183717 0.0000000 0.2917434 1.2867174 1.2596740 1.2711049 1.3228860 0.7793035 1.2869237 1.3018788 1.2922351 1.2496106 1.1926998 1.2551041 1.3030903 
TR16699_c0_g1_i1_C.har            0.6866678 0.6943193 0.6966031 0.6586161 0.7067794 0.6637687 0.6505748 0.6722895 0.7131103 0.6662449 0.6507282 9.0000000 2.7472016 0.9153283 0.7121204 0.5483643 0.4953516 0.6089448 0.6015618 0.4721548 0.4154723 0.4641362 0.4528425 0.5900714 0.4032898 0.4019491 0.4029737 9.0000000 0.3897865 0.3960576 0.4164602 0.4216773 0.3863458 0.4137113 0.4198219 0.4080261 0.4819171 9.0000000 9.0000000 9.0000000 9.0000000 0.6661155 9.0000000 9.0000000 9.0000000 9.0000000 0.6255631 0.2917434 0.0000000 1.0115352 1.0040849 1.0172015 1.0014637 0.9000689 1.0339558 1.0162056 1.0245348 1.0383762 1.0256428 1.0350981 1.0275328 
_R_TR13959_c1_g1_i1_C.cruz        1.1040188 1.1006626 1.0917832 0.9902202 1.0510449 1.0804833 1.0498219 1.0342129 1.0522357 1.0985685 1.0828061 1.3135055 1.6518544 1.2701603 1.1356402 1.3957406 1.5667589 1.3464826 1.4478739 1.2946160 1.1423200 1.3142749 1.2420777 1.1933615 1.1293696 1.1062980 1.1227125 1.4073877 1.1398078 1.1999517 0.9126118 1.2266672 0.8109192 1.2363514 1.0946809 1.1947676 1.2404377 1.5862466 1.6190360 1.2951867 1.7473711 1.3975294 1.6250113 1.5226793 1.4802623 1.5454822 1.0840019 1.2867174 1.0115352 0.0000000 0.0149323 0.0179465 0.0883981 0.0419544 0.0570599 0.0528377 0.0652386 0.0560153 0.1108476 0.1156821 0.1460683 
TR16810_c0_g1_i1_C.jul            1.1228148 1.1197537 1.1159635 1.0259820 1.0747666 1.1003186 1.0755804 1.0589147 1.0814606 1.1361960 1.1085554 1.3226909 1.6676690 1.2781363 1.1010158 1.3944958 1.5717846 1.3450651 1.4399200 1.2973646 1.1504714 1.3035669 1.2394132 1.2316176 1.1366618 1.1131374 1.1301944 1.4096158 1.1568503 1.2227643 0.9302498 1.2177719 0.8237756 1.2455273 1.0978859 1.1960361 1.2595573 1.5934753 1.6268197 1.2951867 1.7566407 1.4073024 1.6438748 1.5262166 1.4505832 1.5304696 1.0891006 1.2596740 1.0040849 0.0149323 0.0000000 0.0095601 0.0941666 0.0448719 0.0651758 0.0589653 0.0616001 0.0647926 0.1188596 0.1085049 0.1580404 
_R_TR28643_c0_g1_i1_C.sch         1.1198723 1.1164696 1.1074466 1.0252525 1.0720174 1.1018615 1.0739026 1.0587827 1.0696186 1.1367163 1.1035358 1.3136903 1.6572816 1.2908947 1.1154707 1.3992408 1.5812096 1.3482262 1.4495065 1.2988154 1.1471656 1.3082889 1.2466945 1.2145150 1.1434160 1.1197772 1.1364883 1.4096158 1.1564913 1.2199379 0.9326928 1.2187636 0.8268251 1.2338300 1.0977103 1.1988096 1.2517443 1.5787546 1.6112884 1.2784950 1.7394194 1.3959113 1.6267976 1.5249662 1.4505832 1.5313130 1.0941949 1.2711049 1.0172015 0.0179465 0.0095601 0.0000000 0.0940862 0.0479044 0.0655500 0.0559947 0.0548129 0.0696155 0.1180650 0.1029353 0.1570679 
TR33289_c0_g1_i1_C.ele            1.1315008 1.1268232 1.1210641 1.0347350 1.0871180 1.1193236 1.0921944 1.0813373 1.1109920 1.1134402 1.0899447 1.3074523 1.7180770 1.3239155 1.1874823 1.4184141 1.6573161 1.4045759 1.4690510 1.3264006 1.1833118 1.3457408 1.2847523 1.1622085 1.1644028 1.1418719 1.1593667 1.4700024 1.1938469 1.2432090 0.9331438 1.2573782 0.8112353 1.3281543 1.1280664 1.2314088 1.2679995 1.6253852 1.6545948 1.2666332 1.7362902 1.4200987 1.6805254 1.6405902 1.5960683 1.5569845 1.0746172 1.3228860 1.0014637 0.0883981 0.0941666 0.0940862 0.0000000 0.0163084 0.0735932 0.0950932 0.0989454 0.1312646 0.1189210 0.1204574 0.1715321 
_R_TR43059_c0_g1_i1_C.aen         0.8641471 0.8765536 0.8590711 0.8695743 0.8148033 0.8283243 0.7976966 0.7945440 1.0479655 0.8205016 0.8223522 9.0000000 3.9187521 2.7336974 0.9140138 0.7495508 9.0000000 0.7320402 9.0000000 0.7739787 0.7706437 0.8235807 0.7734366 1.3659604 0.6650880 0.6579212 0.6599846 9.0000000 0.6420160 0.6668228 0.6600591 0.7015075 0.6768155 1.0045042 0.7620732 0.7012659 0.7904803 9.0000000 9.0000000 9.0000000 9.0000000 1.0471770 9.0000000 9.0000000 9.0000000 9.0000000 0.9648708 0.7793035 0.9000689 0.0419544 0.0448719 0.0479044 0.0163084 0.0000000 0.0302958 0.0568090 0.0507667 0.0970635 0.0658696 0.0690103 0.0970351 
_R_TR25095_c0_g1_i1_C.har         1.1409940 1.1362510 1.1301652 1.0435366 1.0964011 1.1168453 1.0698438 1.0574620 1.0992060 1.1334835 1.1272838 1.3188089 1.7013643 1.3087042 1.1331233 1.4206564 1.6400557 1.3630248 1.4500873 1.3152390 1.1914699 1.3525981 1.2799266 1.1399590 1.1705580 1.1479928 1.1651685 1.4546497 1.1828885 1.2442421 0.9203572 1.2716361 0.8127796 1.3436776 1.1504853 1.2283757 1.2772204 1.6029157 1.6174012 1.2588767 1.7414653 1.4323253 1.6518338 1.6855770 1.5425726 1.5976410 1.1169122 1.2869237 1.0339558 0.0570599 0.0651758 0.0655500 0.0735932 0.0302958 0.0000000 0.0657246 0.0677460 0.0941585 0.1125303 0.0990578 0.1538905 
TR10644_c0_g1_i1_C.nat            1.1583366 1.1493314 1.1427017 1.0746720 1.1096253 1.1347334 1.0966907 1.0801545 1.1611779 1.1548838 1.1424915 1.2998939 1.6736899 1.3045125 1.1469571 1.3948927 1.6567977 1.3727556 1.5373113 1.3245837 1.1599429 1.3300104 1.2661854 1.2223284 1.1538851 1.1351886 1.1467657 1.4210106 1.1676754 1.2340049 0.9469118 1.2390737 0.8403353 1.3197727 1.1061853 1.1874439 1.2378460 1.5216101 1.5636643 1.2192534 1.6880985 1.3761293 1.5613948 1.5442942 1.4701945 1.5774295 1.0807335 1.3018788 1.0162056 0.0528377 0.0589653 0.0559947 0.0950932 0.0568090 0.0657246 0.0000000 0.0097474 0.0889278 0.1180945 0.1061224 0.1626080 
TR38873_c0_g1_i1_C.pal            1.1531008 1.1467595 1.1375904 1.0584140 1.0970013 1.1257575 1.0929369 1.0840638 1.1426050 1.1528430 1.1345095 1.2954695 1.7275438 1.3114694 1.1767591 1.3951036 1.6349687 1.3450921 1.5190028 1.3125160 1.1732857 1.3385007 1.2490700 1.1885369 1.1747462 1.1488668 1.1633541 1.4755550 1.1834332 1.2562642 0.9541726 1.2746541 0.8311033 1.3203619 1.1193870 1.2108151 1.2519645 1.5423448 1.5874897 1.2497702 1.6970193 1.3862185 1.5852454 1.5616778 1.4940984 1.5903467 1.0958772 1.2922351 1.0245348 0.0652386 0.0616001 0.0548129 0.0989454 0.0507667 0.0677460 0.0097474 0.0000000 0.0954103 0.1207180 0.1079741 0.1595210 
TRINITY_DN20813_c2_g1_i2_C.ara    1.1373834 1.1285308 1.1247282 1.0550793 1.0825149 1.1018620 1.0837001 1.0827590 1.1185114 1.1304281 1.1024046 1.3124864 1.5863432 1.2594308 1.1236061 1.3334227 1.5547657 1.2994106 1.4354838 1.3259208 1.1728736 1.3082398 1.2505925 1.0796255 1.1006205 1.0870661 1.1122284 1.4220868 1.1448732 1.1989314 0.8891023 1.1890731 0.8058946 1.2874695 1.1281905 1.2284514 1.2710773 1.5845773 1.6172768 1.2932613 1.7454277 1.3668859 1.6230983 1.5310906 1.4785772 1.5438661 1.0429842 1.2496106 1.0383762 0.0560153 0.0647926 0.0696155 0.1312646 0.0970635 0.0941585 0.0889278 0.0954103 0.0000000 0.1213830 0.1194092 0.0950231 
TR5074_c0_g1_i1_A.fus             1.1205526 1.1122403 1.1030737 1.0451395 1.0658653 1.0777337 1.0717710 1.0592510 1.1353044 1.0968699 1.0870207 1.2606856 1.5868580 1.2739493 1.1215982 1.2304091 1.3970226 1.2470532 1.3328912 1.2326600 1.1218055 1.2186720 1.1295026 1.1325976 1.0967594 1.0784523 1.1031437 1.4104563 1.1091270 1.1799767 0.9080871 1.1594768 0.8288388 1.2653096 1.0983078 1.1861480 1.2155796 1.4080402 1.3887277 1.1366099 1.4760010 1.3123595 1.4997575 1.4150003 1.4179349 1.5006818 1.0803697 1.1926998 1.0256428 0.1108476 0.1188596 0.1180650 0.1189210 0.0658696 0.1125303 0.1180945 0.1207180 0.1213830 0.0000000 0.0889053 0.1350195 
_R_TR22727_c0_g2_i1_S.pri         1.1038360 1.0990088 1.0912021 1.0061634 1.0605102 1.0777946 1.0497183 1.0474598 1.1422987 1.1176371 1.0864065 1.2722709 1.6033713 1.2754446 1.1625092 1.4160340 1.6735735 1.3824811 1.5244467 1.2588540 1.0784168 1.3054334 1.2543750 1.0844015 1.1073175 1.0763621 1.0899114 1.3522468 1.1185813 1.2054936 0.9380585 1.2317128 0.7857109 1.1915510 1.0505490 1.1589920 1.2153458 1.5462671 1.5783334 1.2762832 1.7741855 1.3484115 1.6376556 1.5636153 1.4571409 1.6099687 1.0845280 1.2551041 1.0350981 0.1156821 0.1085049 0.1029353 0.1204574 0.0690103 0.0990578 0.1061224 0.1079741 0.1194092 0.0889053 0.0000000 0.1442278 
_R_TRINITY_DN24233_c0_g1_i1_C.mac 1.1525135 1.1469751 1.1357964 1.0462019 1.1034199 1.1163890 1.0845132 1.0894792 1.1381055 1.1811639 1.1510121 1.3519654 1.6448761 1.3760224 1.2092813 1.3932411 1.6400473 1.3644140 1.4899712 1.3408949 1.2068345 1.3597555 1.2965910 1.1022240 1.1614631 1.1237464 1.1400478 1.5173464 1.1725610 1.2411678 0.9097512 1.2372454 0.7948100 1.2992622 1.1556592 1.2456942 1.2780146 1.5876012 1.5562019 1.3019624 1.7993594 1.3471244 1.5980256 1.5624599 1.4858556 1.5884134 1.0468064 1.3030903 1.0275328 0.1460683 0.1580404 0.1570679 0.1715321 0.0970351 0.1538905 0.1626080 0.1595210 0.0950231 0.1350195 0.1442278 0.0000000 
